0.078125
0.6104768
0.7553085
0.8019832
0.8349359
0.8541667
0.86728764
0.8732973
0.8843149
0.89553285
0.9024439
0.9057492
0.9124599
0.9157652
0.91636616
0.9229768
0.92167467
0.9261819
0.92788464
0.92578125
0.92888623
0.93108976
0.93048877
0.9336939
0.934395
0.93209136
0.93709934
0.93459535
0.93709934
0.9357973
0.9357973
0.93940306
0.93890226
0.9410056
0.93760014
0.93719953
0.93689907
0.93790066
0.93930286
0.9392027
0.9412059
0.9428085
0.93990386
0.9416066
0.9423077
0.94451123
0.9385016
0.94030446
0.9422075
0.9432091
0.94250804
0.94401044
0.9416066
0.94300884
0.9446114
0.9426082
0.9426082
0.94521236
0.94340944
0.9442107
0.94340944
0.9443109
0.9437099
0.9488181
0.94671476
0.947516
0.9493189
0.9486178
0.94711536
0.9489183
0.9468149
0.95022035
0.95022035
0.9494191
0.95022035
0.9501202
0.9509215
0.95072114
0.95002
0.95022035
0.9499199
0.94971955
0.9505208
0.95032054
0.9526242
0.9516226
0.9509215
0.9516226
0.9520232
0.95232373
0.95252407
0.95302486
0.95222354
0.95252407
0.95182294
0.95292467
0.95292467
0.953225
0.953125
0.95302453
0.95312467
0.953225
