0.015625
0.1934
0.3723
0.4803
0.5372
0.5651
0.5972
0.616
0.6281
0.6415
0.6623
0.6715
0.6725
0.6898
0.6842
0.7025
0.7044
0.7019
0.7044
0.7142
0.7106
0.7099
0.7089
0.7172
0.7189
0.7168
0.7193
0.7227
0.7234
0.7213
0.7253
0.7242
0.7254
0.7258
0.7302
0.7287
0.7275
0.731
0.7316
0.7278
0.733
0.7323
0.7348
0.7328
0.7326
0.7328
0.7309
0.741
0.7406
0.7341
0.7381
0.7327
0.7343
0.7387
0.7367
0.7443
0.7361
0.7391
0.742
0.7439
0.7452
0.7414
0.7438
0.746
0.7437
0.7473
0.7469
0.7425
0.7441
0.7463
0.7466
0.7496
0.7488
0.7496
0.7475
0.747
0.749
0.7473
0.7478
0.7495
0.7473
0.7506
0.7521
0.7528
0.7533
0.7507
0.7548
0.7548
0.7552
0.7568
0.7551
0.7545
0.7545
0.754
0.7544
0.7543
0.7538
0.7547
0.7547
0.7542
0.7543
0.7568
